1000
011001011
00111000101001011110110100011000111101100110101101
1000010001100000111011100110101010011
11100111010000010
101011011001001010000001010010000001001
000101001111011110
001011100010010011101001000001001000010
0010010100110010011010101010011010101
01100110110011
011001110
1110010110001010000000101011101000
1000101010000011111100000001011
1000100110000011010001011
10001011000101100001011
10000101001110100010011111110111110
0011100011101
10010011110010110001100101011110
100010000111100011
010
0011010101111010111110010101000
111010110011010100100111010011010111011000000011
01111001010110010001111011100011110011001010111
011001110010111010111110100110011100110
11010000111101011010010010
0100101
10011111111111101110000100001100100000100011001
00100011110
010011001111101001101001011000110
1100111100100110011111111010
1101001111000110
1110
110101010
0000
11010111100101100101100000010000
01011000111000000
110001101011100100101010110110110
11100000011101011010110001
10000000001001000111110
1010101000010110
110011100
00100000010101111111101001111111000
11010110001111110010011
00111111001101110010101000101011110010
011011
0011011101110011101100010011
0000100001000001001011110111000111110001100
1100001110010101000001110110000010111
111100000101111010001111001010101101011110101100
101110011011010000101001001100010000010
01111100100000000000110101100100011101100
11100010
110100101101110110110000111001110111100011111
11010110001100010111010
00010111
110000000101000010
011011
0101110010111011111001100111000111000
1
0010001110010110011111001100100010101
101101001011010010100001100111010001
010100011000111000100011
1011
0011001111001010000111110000110001000010
00110101000101010111110000100110101100000
10001100100
00110011000010000001
11110100011100010010101011011111000100000
100100101
1000111110001111110100100011100111110010001011
10001011000111101011
10001001001000010111001011100100011001
1
10010011110010100010011101010000001101010001
10100110000100111010101100000111111
1
0110011111011
00001110101001011110101101011
000
00001110111001101000110011111011010110101010111
1010101011011110
0010110010010010111000101
0010
111101101100000011011101001110110110111
10110001000100111101001101000
010000010000110100000000010011000101111
0110110111101011000001000111
1
110110001010101101000001101111110011101110001101
011010000000111000101100
1111
0111010111011100011100110101
1100111111110101111011001100101110001111011
00111011001111010011110010100
111110011001001111101000001101
10
01100011100101010010010000
0100000101001110110111111001011011
01101010110101
0110
110000101110010011101010011000
100101000100000011100110101101000
0000111100010110110110110101011110111000100011
011111100100000110
00111
00011101000011000000101100101
10111100000001101101101010
01100011110010110010000010101000000
1100110010011001001111101100011100001
101110000101000011
110000001100000110001000001110010110
00111111100100101011101111111100100010011
11
001011100110110
10001000011100
1010001010010110001110100001101101010011001100
1011111101100110010001111
000101110111110010100100110101000010000100101110
1
1111101101111011110110111000101010100
0111111000011
1100100111010001001
00101110001
11110110110011100001110010010101111101011101
00
11111100110001110010100
00100
1111110011011001111000000000001
000100000001001
011001
00101011110001011101010001100010110
000101000011110011101100001110000110001111
01001101
101
01010000111001010100011011111100000101111
00101
010010
0101010110011010010000011010000001100101011
1010001000000100001111001111011011010111101110
11000011001
11110100110001010010101001001100110111011
110100
0010110101100001001101000110000110010111
00110011100010011010001
101110100001100010011010111100100100000110
010
110110011011111011
10100101110101
001000110111100110
010010011100101111101000010
110111011110111011101110001010100001
1101
01000010001101101101101
10111
1001000100000011010010101111001101100110010100
1111
0010111101000010111110000000111001000
101000111001001000010111001011101111100011000
10111111
11000101011110000010011001101
01001
010001101000100110
1010001000
0110101101110101011101001011
01111010101
100001000100000
1100011000111110100110110110111
11111110100100001110011001000011101000010010011
10100000110001100
00101000101000111111000110
0000100011001101101100001110000010100000
00101001101110001000
0
0111000111011101100
1001101000100111010001011010100010001100001
0001011010010010001100110000
00011011100010011100001000110111111011111011011
110111011001101011000011010000101110
10001111110100111100110
101110010001000111001011100100100111
0111011001011111011111101000101100011010010101
1110001
100100111110100111001101011100110011101
0
011101110111111101010110
100101001111110100001001011111101000100110010011
000
0011011000011010101001100100100011000
1
100001010001111111111101001011010110010000100
110001100010011100111010101011101000
00010100101010000010111100100010000110011
110110111011011
11101001010100010110100101100011001101101
0011110100000001110100011100000100101001111110
010000000111
11001110101100
1100000111111111100101100100101110001110010111111
01000100
10010101111000100110111001110011101000
00111101000110100011101010101100101
1001010010010110101001111000010010111101
00001111011111100110000010010110
101010110110111110111101
1101101100110000110110010101001000110010111010001
0000111100
10
10100001001101000111110010110
010101111000101001000100010001
101011110
101011010110000010110001110101
011110100101100110
000101101001001110000000011011000110100110111
0111011110001111111001111100010111111101011111
0011101001111
000111101100001100110000110010011
100100111000011
11101000100001001010110001000111110111000
101110101110110001001000011001010
111100100010000001101101011010
110010011010000101110000011111001001001
00010
111011101
0010110011110101000000000
100100101110000010110111001000011
1111111
0100011110110111111011101000010010
00100011010111101010011101101100010100111110
1011
11111000101110100101110111010001001110001011001110
0110110011110011000000000101110001
00010111011010111111111010100101001
0010011011100
11011001001101011000101011100100110101110
101001000010010
0101000110011000000000111
0000011001000110011001000001011110
10001010010011100100110101010101111011001
00010101100111111111001011110110100110001010000111
1
00
001001
11100111010000000011100000101101011000001100001100
011110010011100001011011101010
101000001101100010111000011110011110
10101110111111100011100000101101111001
0111101001110011101
100101001100110011110111000100
001001101110001111111000101101010
00011001011010001111011110111
1110011001001
11100110111001000010
11111
001011100001001100101111101010110001111
110010101110101110100101010100001101
100011001100
0100001011010100011000
10000001011
000100110000010100001111101101
01111010100000111110001011110111
00010111100011001110100110011100111101001
100100010111
011110111110100001110100010011000000000000100001
101011010110
1101101101011
1000010101
10110100110000000011
1001011111010110011100011110011110100010000001
1110001000011011
110000000000010111111010
1100110101100011011011110010010001
10011101010011100001101101110000011101000111100
111
1111000011
111000001010111001011101101110101101011111010
1001111
0000110110111111111
00100000000011101110101101110111011100
001110011110000111111110101010
011101110011000100011000101011111100001000110101
001
11010010101010011100001000100
01100111110110001010010100000011011101001000
010000
0110111010100000100001
1001101
10111011110001001101010010110
00010000001101100100111000
000011101011010110001100010110011001111001000111
11010001100011111101101001111010111
000010100001100100
0011100101101001111
1100111101011000010001111000101111000
0001010111110110010011001000100111
10011011010011011010
10011
10010100000000001101101001011011100010111011000001
0
111110000
110111000011110101001010000111
11111010110100000010111110110
110000111001011
11111011100100000110100000110
10001000000100010011010
000100000000111
111100011010110000000011010100011000010
111110100100001000
111101110001100010000110000100100111011111100000
101010
10000110
0010001010000010011100010111110110101001
0100010110101000100011101110111100011101101101
110001001001100100000010000101010110
00
110
0101001000111100111010001100000001101
001100101010
01101011100111000011000010010
101101101100001
11100101111010011100001010110111010000100101100
111011011101110100000111
1011101000001000000111001000110010101111
11000000000101011110001010001011100010011
100100100000110001011100000111100000010
1011111010110
0010001
11111111
10000100100111000111010010100
1100100000
0111110011100110110000
10101111010101100101100111110
110000101000011010111011001111100011
01101100011001001111011100100
00010111001010101011110011001110111111
1011111010000111010100000101000000000
101010011011
1001
10
01111010011
001100000011100001101
000011111110100101000110101111
011110
101101000010011001101000101011011011101101001
1100110111
001111110011111111100011111010000
11110110100111011010000110011
011000011111000111101010111111110001000000
10001001001001010101001110111
01010010010000101
10010001010100000110101101001011100100010101111010
1111001101
011001011010111000100001001010100101000110111
10010011100001101011110011001100100001
001000110011110011000001010000
10010100110000000101100010
10010100110001101111101001101
001100001110010000100100
01111000111000111101011000001110111001000101101
100110010011
1010101111
0100000001100011000100110111000111110111001
10110010
100001101001010111000011
1100000011001111011001111100101101110
11001010001
10111101011111110001000000010110000
01000000101001100010101011100110000010100100101010
0011110001001101010111111101110
11110001011
10001101101111110010011010001111
011110100111001111010100100
11110000011010001111110001010001100001111101
110001101101111100011100101
10
111110
11011100000101000111100011001001100011
000111110011110001001110
00111001001010111001011111011100101101100011100
1011111110100110101101101010110101110001
01011111010000010001001111000
00011011001010111001010001101111000011011000
00101111010001010000101011001100111001010000110
0100011001010100010000101000001011111
001100011100000001
001101001010100101101000000010000101000
0110010110100111110001
0
110110010100111
00111110010010011101111
1110110001110101100000010100101
010000000000010000001110110000010100101
11010001110010010010011111000100001010011111011
11000001011010
01011000100101110111011
111
0001000101001111011100100111101010011101
00000100101001
0001101010001101011011000
000101010010100000001101000111110011100
01011010
010001101
001001111001011001011010010110111
0011011100110011001101010100110000101010100
0111010011100110
0001111011100111000111001000101010001
1110100110101100110100100000001101101111000111001
010110000111000101011
0111110000010111100010000110100111000
00001100010100001010000111001000
0011110100010110110000101
10001101011011000111100000000110100
00000010100000000101011111110001
01001110000111101000111011100110
0100
100011100010011011001101011110000100011010001
10101
110110001110
10000011101111000011010011010010011
0001001000110100111100
10010111111101011101110110101011000101
10010100010
1000001100001101011011110
1011000
010010001001101
0010011000100110010010011110110000
1100000010110111111100001010100111001010001100
0100011110001010101001100100011101011011100
1111011010000110110000011001001
10101001110110
1010010001000101111001110
1000101000010001
1100111010100011000011101
01101010100
11011001101
00
000110101111101010000111111111010
1110010100000101
101101001111
0000110011011110111110100
10011110100111000010101
1010101010111011010101
00000110111001100100000100100110
0010101011011110110110111000011111111
0001101101111100001010100011100110101011000001
1111001101110111100000111110
1000000101011110000
1001010111101000000110101000111111101111001011010
11011100110100111
11110000100011
100000001111001111
101100110001000000001100010001001100000
101100111001011111111
0001101001111100011010100111111100011000011110000
10101010100000000100001111100011110100000001
0100001000
11101101000001
00001011110111101000101000101010
00011111001
101100100011
1100011110100111100001111111110100011101
11111101000000000101010100000011011111101
1100011010011110001010110101100010110000
100101111110011000000011111
01101110010100
00011101001001
0101000000110010111100011000101111010
110100000001101100001011
101111
1100000110000
1100001101101010110110010001010
1010101100101001110000011111000111111010110
1110110111101000110011001111
101111010010100001111101110101101111
110000101110110100011001001100000111101111000
100000100010010
1111010111011001111001000011
0100001111
1101111000000011101011
1011001001011101
000000
0100100111011000001011111011101110
000111000111100000101100000
0001111
01001011000000101
001111111
00101111
0001110110100000111001100111010001110
10100
0111100001110
00
00011101000011101111001010101
1000000100101011000111001110
1010101000010100010001000000001100110010
00101101000010011
101100000010110100010100
111000101100111100110001000001100001100101011000
11000000000110110100011110101010010
0000111010100011010011
0000010000
10100010101000011011100000110000
100
110001111011111001100110111011111111
10111011000001110110001010111001110111111111
1000110011011011100
10110001100001011010110
001001101101110111010111
111010011
11110001010111100111000110010100111010001100
01101
0001101
111010000101110110100110101101110111111110
1011010011111100000111111
11101100100010101110000110100110100000
1110110110000
11001
011001011011011
011001100100110100100
101110000
0000001001100000
0100110011011011010011111100011
11110001010
0
01101110000101000
110101110011011
100101101011101111110100011110110000000000
1010100110100001111111011000010
01100001011010011100110111001100100000011000000
0011111111
110000010100000001001111010011101000
0011101101100100110000001010101011001101100
000010000111111011011100001
010011010100001011010111010001110011100
010111011100000011100111110011
010000111110010101100100010011011
01111000101101101111111001101
11100011110011
0010001011111101010110001011100100110001
101111000001101101100011011010010001100000010001
0001101001001100010
1000010100110011000100101011001
111111011011000011011110101
01
000000110
00100000100001011000100111001000
1101110
011010010001011110010100010110000001
1110011010011111010100011110111010
101
11001010100001
1010101000001111100011101
10101000010010011001000
000100100101101111100010100111111
01110111
00110001101010010110100111110100101
0111100101000111010000
010110011100111100101001111000110001100100011110
011000101100101001001
101011111011001000100111000101111111
00111011001101101010001010
101100110111
10100100101110000111110100000010001101111
10000111100000010010100110100101000110
0011110101011100110000110000111100100
011110110110100000101000011000110
0010110100100101101000001011010000100100011100
101110100110100010010
110001001
000011001010001110100111
100001001
00111001101111111100010110110100100001101
010110110011110011111011111
000011101010000000
010011110110010110111010000111010000011
1010000100100111
10101000110011111010010
0101101010001101111010
0010000101101111010011001001
11000001100000000100100011100010010111
1010100111111011011101001101111110001011111101
100100100110001000
11011010110111010101
111011010000110111000100011001
11111101100101011111100
010101
0001
0101110
1111111100000101100111
001101010001101111001101010011111001001
0011101010111011011100100101100000111
11011000
0
11010110110010110000100011110110110110
0001010001001110111111110110100000100110010100
001000001111100011000010111011101000001100100010
01100111110111010000001111000011110010
1010110010101111011010
01001010001111111010101010111011
00110111010100001100100000100011
1101101
10000
00101110100001001111100111010111110
10011110111010110
01101000110011010001000111
111001110100100011001100100000111001000
100010100011101110000100100000111010011011101
1000001000000100010
011010111
101100110001
001110110110110110101000101100100111111
10010001010100001011101001
0000100100110001001010101100001111011
10010010101001101011010110010010110011100000000
101000001010001000011111110111001100110011
001101101000010001001100001100
0111001001010100001011011110101
0
0110010101011101100001110100101001100010011000
01000101110100101010010101001011
1
10100110011001000
01
0100001000110110100011010010
100111000100101011111111110010
000111101011010
11110001
111011101101000110011
101010111100111100
1011010110111000111111001001111100100101101010
0100000100
010000001101100010101101101001100001100100001110
0011000000010110000001101111101111100011110001
1100110100011111010101111111001011100
0110001101000110110100000001
10
100110001101111101101101011110110001101000000
001010010011100100001000000110110101010101010
0010100100100101001010
0010111000101
000000010
100101110110011011010010000111111111001
00101011011010011010010111111110101111011111010
110101110
1101111010011100111111010001011010100111011111100
101011110010001010001010001011110001011
00011
11000011010100011001110110011010110100000
0010111101101000001
01001110011011000100001001011010110
10
00101101011001011000001
1111001111
01111
111000
0
1011001
111111111100110110110100
000010101111100000110101000100
110000110011100000101111110110001110001
1110101111010100111
10111101111100001110011101111001000
100001100110010111111011000
000100101101001001110101011
1111001001011010
00010010
010011110011101001010011011010111
00101111101010100100100101001101101101110011100
00101101010110100110100100011101101010100
10
0010110111101001110101000001011101000100
0000001101011000111001011111000000
10011000110001101010101111000101000001100101001
10111111000010
0010110011100001010111011110001011
11111100111111001000110011100000010101111111011010
111011101101110000011001101111
011000110110001100001
0111111111101110011011111010101
11101110101100101011010110100011000001
111010000101010000100110
11011
1000101101100101011111110000011000010
0001111010110
000101111111110001000001000111010
0
1111000110001001010010111100011000001111100000
10001111101110101100000001101110011111011110111111
00001001100100
001110111000110111011
1011011001101
1010
1100000
00111011001011111001000100
101000011111110101010100000100001000101000
100111000111101111100111011101000011011000
1011101001110000111100011110110
110001110110100
01100101010111001
010001101111001110000101101101111100
1
1000111110100001101100000110010110001010010000
01111011000
0010001001110101111100100010100001
01001
10000010100001110011111010111100000110001011
1001101010110101011110011111100010
00111101011000
1010100110011110010
0111111011111111100000
001010011010100011010101100101
0100010010110
010101010001101011110100001001101110
111000011
11010111000110000110010001101111101111011010
1010100001010110101100000111010
11101101000010011001000110010001011100010
10010110000100110010000101011
0
1000011011100010001100001011011
1110011000000110100101101110011100101100010100
111000010010011000111101110110100
11011101100000111010110
110101010001000011111110101000011010111100011
1011101011011000101110100101010101010111011
101110001
0101011010111001010011
0011011111101110110100110010100010001111101001
11001
101011011010101111010010111011010110
11001100000001010100110011110010010111000000010
0000101010001110010100100011
1110111011100011001011001100011101
000001001010000000011010110111
0001011100110101000011001101010011101001111011000
111011001100000
1000111101110000
010001110011101001001
111000110011100111011110101101011101
1000001101000001001111011001100110100011010110010
0011000011101011111011000001011
010111111011
10111001
1110100000110001111000011001001011001011
100110001001000011110001100010110100100100001000
00011001011000100010000100111100101
00111110001010000110010001000011111000011101011110
100110100
0111111000101101011100
00
00111000100011101001100010101111111110000110
001101010010010000101000001001011011110000100
101011011110
01011101011011
010110001110010
000110001010110001100100010000111001110
0001111110110111000101101110100001101100011110110
001011010000010101
001110
0110
100100001011100001101
0000000100110101101111000101100
0111110
111100010101100000001011011111100110100001
01111111000010100110111110001001010000010
1011001001111100101111011110000100110101
0100111
0101100110010011010011011101
0001010100100010111011110
000001111
10010101101000010000101000001100010101111
10100001111100
0011000100010111001000111101010001
110
1101
101001110011010000000001101101
101111100110110010
1100111001101100011101111100010011111110111100010
1111110100111101111011000111111011100110100110
1000010100101101110010111010000001001110001000101
101110000110000100001101100010
11111111000111
1010011011000
01001001111110100011111111001011001001111111111
01001111001100001100001110011111101101111001010
1011110110000011011110010
001011101011010011100101111011
1000011010110100
000110001001111
0011110000101010111001
011010011
1001011011110001111001101000100001010011001110
00000101001100100010010011001
01000011
101000000111111110100100111110011
10110111001100011011000100010011000100101101101
10011000100001101010111000010010100100011100110110
001
010111101011011010
11100110010010100101011001001100010011110
1110011001010101010111000111000010111
0100111010011101100010100001011
0101000011001010001101011101001000000001100011001
10
0011011011001000111110010101011011010110000011
100011111101110100111001101001010111010
1011101111101000011110010111
001011010101000110111001000011
011111110100111111111011
00111101110111010000001011010010011010
0
1100101111110000010100010100011101010100100000000
101110111011011001
010
000101010000101001111010111110111101
010010111110101
1001000000101100101111000101
010000011100110000
011101000100010111101000001010100100010
11001000100
111100001101010101110110
110101000
1
0001010111001011011101100111
0000011001111000010110011011111101011001111011
1101000110110001000000000001011110011
0110000000001011001001010000001010011
0010010010111000001010111100001010101011011110001
110100110010111110100001
0011010110101010111110010101
00111
1111001011001011101111
0101100011111110010110110011010010
10101011110000011001001000001100001111101010010011
100011111011
01011001100100111010
1011100101000011
000110001111111011111111000110001
110011010011110111111000100001010110101000101
110010000110110011
00000111
10010100101011000100101100
1100010001011111100011001110011011100011000010011
0110001011000010000111
11110001111011001101101101011
111010111001100010100000
0110001000111100001100001110100010100011
0010010100101010000101111111001
000110101101011011111111100000010101110011010
100011101110110011111110010100
1011011000100
00110011001000111010110101110101011110001110
0111011111101001010111010010110
111100101101110110
110000101110111001
1101
11010000110111
00010101010111111101001100110101101100011111001
00001
111010
111010
0001101000111010111011
1111110011111000101000011111000110100010
10011000001
1110001000010100011011000010100100001001100
000010010010110111010000010100000
1100111100000101000010101101
01001101101101001101111101010111110011001
111010000010011101001111000100100110
00111010000110001110000001011110001100
00000011110000010010001000001011010110100111101011
101100110011001011010001101111111010011011011
0110010011000
01011100110011000001111101000010001110
0011
01010001001100010111
1100110111000010000111110100001000010
1110111101010101001001010111100110101001111
001001001110010
0000111110111000011
10101001011111010000000101100000001011001101100011
01110111000110110
1001
10001001100111000100110
101000000011011111001
1010
01010010100001000111101000100111001110010110011100
0000011010110010100100101001011101101000001101000
011011010100110011111110
01111110101101001000010011011011101101
01
00011101000001000101011010011010010100100
0100010000010100111111110000
010010101110011
011011010000011011
10111111001000111111
00100011111100
0101111101
10100011111111011000
101101001100101010100011001000111111001
010110010010111101000010000011
0000000011101001111001111101100011110
0001001110100000011010110
11111011110101101011101000011110101110101111100
1110011101000000000000001000001110111010
11110101
01010000001001000011011011100101111011100100010
101111000001
1110010000101101100111010011011111010110000011011
11100100000100100
100100011101000011001101101101100
110000011001100001000110000101110100111
01011111101010010
1011010100010111111010111000
10101110000111010000111101010110000111001111001
001011110001001001111000100101100001010110
1111001010111110100101111000
1011100010001
01001011101010000101111101
00011000111011000
01011110111100111010110011110000101010
110100011010111101
0000100101000110111010101110
0010110111111000010001100
011111101
110110011101010100
010100110001001011011001111010101001010101
111
110111
0
01010
1
00110111
0000110100010101110011
00010
100100110100100101
10001011110001110111111010001101
1010101
100011000011111010000011100111111111011
101111001010101011101010001011111
11001100110111000111111011101110010101000001001
10100
110011111010000000001001
0000011101001001101010111111111010101
11001110
11100101111000000000001010111111101110000101
110001011010001010111011100100
0101
1111010010111111111010001001111000
010100101001000
0011010010
110101011001
000100010010010000110100000110001001110
010001001011010011111010000100100
000110001000100010111011100001111101
00111010011010011110011100101001010110
0
100111100
1011011111100010110000
1110111010010101000
011111100111000101001110
1
1101010
1111000110100011001011010000101
10110111111010010010
10110100001000100011101100000011100111100000011010
01110111001000111101001100
01100101011011010001110010010101010100000010
00101101100000110
0001100110011110111000010111010100000
1
000
110011101011111011001110101
10110001000100011011010
01101101111011110000101
101110
0100110000101111011010101000
10100111001110
10010
101
1001
11001100010000101100101100100
0010111010010001011
1000111000101000001100011000111101
101000
0101000000
01011010011
111011010011
0
111111011110100001010001100000101000011000011110
111111001110001000110
11000001101000011000001
0011001010011000
01111111100101100001110101
01110110001110101000110111
10
10100010000101011010101010110111101111001010101001
1010110011000001111001001010111011001101001111
11111110111101010000100010000
010011101001111
10000101010001011001000110010111111010011
1100
00000101000100101111101000011111
